9934
8568
2946
1279
6020
7186
2283
3661
1618
6250
409
7421
5489
6341
5549
9409
908
546
355
4433
556
1902
1185
1938
4577
6036
2285
7101
2632
707
2225
5307
9297
1115
8126
8524
7621
1996
1249
6378
3084
5174
1559
7479
4717
454
2274
4220
9569
1305
9880
8589
2142
9503
4133
6283
8310
44
3727
8787
8321
9415
6930
4651
8167
6067
4221
4402
1124
8519
9802
5130
3697
6801
9551
1628
7237
3220
8555
1188
9767
7864
4934
4972
8487
4458
2247
2340
7510
9257
1854
8578
8476
5528
5417
1546
1987
1879
3612
987
633
738
8693
5292
6917
8590
7822
3553
1984
8399
1859
7949
2677
9611
160
5388
6339
2565
7952
7362
3519
263
9196
2984
4884
1653
4198
6936
6133
6176
9138
8837
9988
31
911
5866
3423
9469
2133
7195
1061
3900
5754
7122
9508
7665
5822
2741
9169
158
2101
716
2448
4081
1723
8516
2628
5229
753
4424
5366
3283
4356
5064
2155
7603
4275
3662
132
2287
7440
1225
3526
3429
4812
1167
3300
2900
3850
584
5315
621
6533
4532
7137
1990
41
9544
4745
5959
9516
3975
8229
21
8698
9255
2313
6789
3908
189
9528
5509
9336
7196
8537
9292
3999
1178
9853
5595
1845
3432
8945
4046
6166
1497
2270
5546
3073
393
6047
3496
5375
3177
6554
742
8901
5235
5505
7519
9994
7968
9604
643
1071
3840
9154
4309
8277
5567
932
9025
9059
8729
9043
4622
7906
2838
3778
2927
6538
6033
2149
8044
5560
6431
6007
3107
455
6134
7824
1737
6858
1613
6786
6160
9957
8507
6282
6862
8279
7873
1019
282
5159
9118
8744
1011
2814
2032
6639
2591
4381
3199
9909
4380
6315
9706
1758
7374
9243
6468
1317
8634
9435
6689
5232
6860
8785
5956
658
1648
1032
5908
1850
5429
3841
6571
1812
1960
9329
4238
5387
9482
2173
8531
5501
9414
2621
7569
2941
4928
9077
2400
8207
9515
368
5157
2972
3253
6644
3002
192
3409
3610
7944
3859
7999
728
8505
6207
6083
2385
8544
1485
9897
8500
4374
6557
7951
7876
352
5638
1719
6110
5974
837
8497
4410
353
7023
2180
6667
7630
2237
2089
4801
9526
231
3009
4786
7260
3838
9034
8012
4401
6763
8681
3012
5123
5591
5527
4550
8370
1087
1679
4845
1217
9635
9676
8073
6650
228
4455
5085
4464
3061
8335
7216
5515
7904
7099
7130
6123
4889
5654
5257
9247
7667
4324
9271
821
5396
9290
3276
5118
2930
862
3842
5018
5902
9211
7555
5847
1579
3057
6194
6093
5894
6482
1403
5161
1287
8735
2122
3
2796
4153
2831
8613
7037
5817
5576
350
7845
2162
3204
2464
8809
4752
2735
9475
8612
9659
1248
7972
6610
6850
6906
7632
9599
8219
8164
5525
358
3530
1553
3517
1107
4397
7973
7191
1747
600
4217
6337
7437
8173
2047
8974
2718
6105
6629
492
5219
6234
6389
4660
6345
7784
5442
4335
6395
7517
2228
65
7004
7694
7049
5993
